02290727315
19250251515
02261355921
09252942214
10231531149
17300463815
06261522129
04221679793
09221957753
18272182337
09261159142
19241162985
11261857272
06240686127
13221447387
02221239621
16322173162
14301111945
09222442599
04272987485
11272277863
15221038596
19210968237
18300775276
02250173389
03270932473
07241864662
11301123215
04270896628
19251121655
19270658826
10262258655
04252179233
18211561739
02242497486
05292625773
11310635323
10233145184
07292995762
07242219232
14232066459
17270393736
05321294673
03302732749
18282288683
03322216249
17212443921
13240444417
17212859164
19262396914
08300244197
02250776582
16232067799
07300679116
13283182639
06280117423
13212028863
04290441158
03222183582
19271141745
07311496764
18290274566
11230623822
06221636464
04211867166
02322021918
05321776438
10301881466
13212077355
12290691831
16303068492
16270391843
07242464922
04251021852
04211976493
11292138737
02241853595
10321818464
13320972724
08311857683
14231162682
17321831783
07250411811
19230818527
10313063151
18242656327
19300846692
11231429427
03221945763
02251541439
16240693218
09321076642
15271992756
15320561399
16261965725
12290366799
11302197851
02282225353
04311449235
08230963658
